{
  "nbformat": 4,
  "nbformat_minor": 0,
  "metadata": {
    "colab": {
      "provenance": [],
      "authorship_tag": "ABX9TyOsy2T5XZEYyuaFp6qU8Gb3",
      "include_colab_link": true
    },
    "kernelspec": {
      "name": "python3",
      "display_name": "Python 3"
    },
    "language_info": {
      "name": "python"
    }
  },
  "cells": [
    {
      "cell_type": "markdown",
      "metadata": {
        "id": "view-in-github",
        "colab_type": "text"
      },
      "source": [
        "<a href=\"https://colab.research.google.com/github/kujiancheng/Data_Science_W1/blob/main/TutorialW3.ipynb\" target=\"_parent\"><img src=\"https://colab.research.google.com/assets/colab-badge.svg\" alt=\"Open In Colab\"/></a>"
      ]
    },
    {
      "cell_type": "code",
      "execution_count": 7,
      "metadata": {
        "colab": {
          "base_uri": "https://localhost:8080/"
        },
        "id": "XL-p1Acy4Cgv",
        "outputId": "fbcf69b8-f8dd-48d1-eca8-90a50966819c"
      },
      "outputs": [
        {
          "output_type": "stream",
          "name": "stdout",
          "text": [
            "2x2 Array:\n",
            " [[1 2]\n",
            " [3 4]]\n"
          ]
        }
      ],
      "source": [
        "import numpy as np\n",
        "\n",
        "array_2x2 = np.array([[1, 2],\n",
        "                      [3, 4]])\n",
        "print(\"2x2 Array:\\n\", array_2x2)"
      ]
    },
    {
      "cell_type": "code",
      "source": [
        "random_3x4 = np.random.rand(3, 4)\n",
        "print(\"\\n Random 3x4 Array:\\n\", random_3x4)"
      ],
      "metadata": {
        "colab": {
          "base_uri": "https://localhost:8080/"
        },
        "id": "k4p5fyXh5mx9",
        "outputId": "407384ae-2f3c-4d7a-f2f6-0f56444ea250"
      },
      "execution_count": 8,
      "outputs": [
        {
          "output_type": "stream",
          "name": "stdout",
          "text": [
            "\n",
            " Random 3x4 Array:\n",
            " [[0.52246798 0.80719908 0.72615322 0.76542473]\n",
            " [0.37816695 0.6187795  0.60186403 0.69050761]\n",
            " [0.66216107 0.83674745 0.45914091 0.98770486]]\n"
          ]
        }
      ]
    },
    {
      "cell_type": "code",
      "source": [
        "ones_array = np.ones((2, 3))\n",
        "zeros_array = np.zeros((2, 3))\n",
        "print(\"\\n Array of Ones:\\n\", ones_array)\n",
        "print(\"Array of Zeroes:\\n\", zeros_array)"
      ],
      "metadata": {
        "colab": {
          "base_uri": "https://localhost:8080/"
        },
        "id": "Pdh7Norx6wM3",
        "outputId": "3e5119b2-2748-4a2f-975f-55be5967de7e"
      },
      "execution_count": 9,
      "outputs": [
        {
          "output_type": "stream",
          "name": "stdout",
          "text": [
            "\n",
            " Array of Ones:\n",
            " [[1. 1. 1.]\n",
            " [1. 1. 1.]]\n",
            "Array of Zeroes:\n",
            " [[0. 0. 0.]\n",
            " [0. 0. 0.]]\n"
          ]
        }
      ]
    },
    {
      "cell_type": "code",
      "source": [
        "random_6x3 = np.random.rand(6, 3)\n",
        "transpose_array = random_6x3.T\n",
        "print(\"\\n Random 6x3 Array:\\n\", random_6x3)\n",
        "print(\"Transposed Array (3x6):\\n\", transpose_array)"
      ],
      "metadata": {
        "colab": {
          "base_uri": "https://localhost:8080/"
        },
        "id": "9WU8v90h7voC",
        "outputId": "42692f4d-0510-4d1e-d9a1-560ef7581635"
      },
      "execution_count": 10,
      "outputs": [
        {
          "output_type": "stream",
          "name": "stdout",
          "text": [
            "\n",
            " Random 6x3 Array:\n",
            " [[0.96931409 0.38019585 0.08962803]\n",
            " [0.48012024 0.7324569  0.50591763]\n",
            " [0.17410528 0.29220748 0.23096252]\n",
            " [0.06870298 0.54446499 0.58495025]\n",
            " [0.43111962 0.38545036 0.01734021]\n",
            " [0.47431709 0.87730271 0.48222629]]\n",
            "Transposed Array (3x6):\n",
            " [[0.96931409 0.48012024 0.17410528 0.06870298 0.43111962 0.47431709]\n",
            " [0.38019585 0.7324569  0.29220748 0.54446499 0.38545036 0.87730271]\n",
            " [0.08962803 0.50591763 0.23096252 0.58495025 0.01734021 0.48222629]]\n"
          ]
        }
      ]
    },
    {
      "cell_type": "code",
      "source": [
        "n, p, m = 2, 3, 4\n",
        "A = np.random.rand(n, p)\n",
        "B = np.random.rand(p, m)\n",
        "dot_product = np.dot(A, B)\n",
        "\n",
        "print(\"\\n Matrix A (n x p):\\n\", A)\n",
        "print(\"Matrix B (p x m):\\n\", B)\n",
        "print(\"Dot Product (n x m):\\n\", dot_product)"
      ],
      "metadata": {
        "colab": {
          "base_uri": "https://localhost:8080/"
        },
        "id": "s3tSxwUf8Xbh",
        "outputId": "5ff7b58c-602e-4acf-dbde-25c4c22c6dcc"
      },
      "execution_count": 11,
      "outputs": [
        {
          "output_type": "stream",
          "name": "stdout",
          "text": [
            "\n",
            " Matrix A (n x p):\n",
            " [[0.69182602 0.9178307  0.76668801]\n",
            " [0.86473462 0.22878493 0.44954789]]\n",
            "Matrix B (p x m):\n",
            " [[0.12595499 0.6284546  0.77480593 0.71852072]\n",
            " [0.51403207 0.92552279 0.17879739 0.40422857]\n",
            " [0.07385174 0.42139681 0.21719375 0.28912154]]\n",
            "Dot Product (n x m):\n",
            " [[0.61555459 1.60733435 0.86665648 1.08977074]\n",
            " [0.25972032 0.94463017 0.80854665 0.84378512]]\n"
          ]
        }
      ]
    }
  ]
}